Lean-vs-Lean:
 Low: 0.10182506
 Mean: 0.34643087195791933
 Std: 0.11792909287734962
 High: 0.77427522
 Count: 3422

Obese-vs-Obese:
 Low: 0.08072237
 Mean: 0.37458584008970164
 Std: 0.12567691684735283
 High: 0.8989978000000001
 Count: 34782

Lean-vs-Obese:
 Low: 0.12010472
 Mean: 0.3639557175972084
 Std: 0.12116701795918167
 High: 0.8913168899999999
 Count: 11033