Lean-vs-Lean:
 Low: 0.345
 Mean: 0.8454950321449445
 Std: 0.07248601190264706
 High: 0.982
 Count: 3422

Obese-vs-Obese:
 Low: 0.337
 Mean: 0.8514573630038527
 Std: 0.07051855300489324
 High: 0.998
 Count: 34782

Lean-vs-Obese:
 Low: 0.5820000000000001
 Mean: 0.8565068431070425
 Std: 0.06374918829150772
 High: 0.9940000000000001
 Count: 11033
